0;2;0
0.01;1.9999;-0.0199797
0.02;1.9996;-0.0399174
0.03;1.9991;-0.0598114
0.04;1.9984;-0.0796596
0.05;1.99751;-0.0994602
0.06;1.99642;-0.119211
0.07;1.99512;-0.138911
0.08;1.99364;-0.158558
0.09;1.99195;-0.178149
0.1;1.99007;-0.197683
0.11;1.988;-0.217159
0.12;1.98573;-0.236574
0.13;1.98327;-0.255927
0.14;1.98061;-0.275215
0.15;1.97776;-0.294438
0.16;1.97472;-0.313592
0.17;1.97149;-0.332677
0.18;1.96807;-0.351691
0.19;1.96446;-0.370631
0.2;1.96066;-0.389497
0.21;1.95667;-0.408286
0.22;1.95249;-0.426997
0.23;1.94813;-0.445627
0.24;1.94358;-0.464176
0.25;1.93885;-0.482642
0.26;1.93393;-0.501022
0.27;1.92883;-0.519315
0.28;1.92354;-0.537521
0.29;1.91808;-0.555636
0.3;1.91243;-0.573659
0.31;1.9066;-0.591589
0.32;1.9006;-0.609424
0.33;1.89442;-0.627163
0.34;1.88806;-0.644803
0.35;1.88152;-0.662344
0.36;1.87481;-0.679784
0.37;1.86792;-0.697121
0.38;1.86087;-0.714353
0.39;1.85364;-0.73148
0.4;1.84624;-0.7485
0.41;1.83867;-0.765411
0.42;1.83093;-0.782211
0.43;1.82302;-0.7989
0.44;1.81495;-0.815475
0.45;1.80672;-0.831936
0.46;1.79831;-0.848282
0.47;1.78975;-0.864509
0.48;1.78102;-0.880618
0.49;1.77214;-0.896607
0.5;1.76309;-0.912474
0.51;1.75389;-0.928218
0.52;1.74453;-0.943838
0.53;1.73501;-0.959333
0.54;1.72534;-0.974701
0.55;1.71552;-0.989941
0.56;1.70554;-1.00505
0.57;1.69542;-1.02003
0.58;1.68514;-1.03488
0.59;1.67472;-1.04959
0.6;1.66415;-1.06417
0.61;1.65344;-1.07862
0.62;1.64258;-1.09293
0.63;1.63158;-1.1071
0.64;1.62044;-1.12113
0.65;1.60916;-1.13502
0.66;1.59774;-1.14877
0.67;1.58618;-1.16238
0.68;1.57449;-1.17585
0.69;1.56267;-1.18917
0.7;1.55071;-1.20234
0.71;1.53862;-1.21537
0.72;1.5264;-1.22825
0.73;1.51406;-1.24099
0.74;1.50158;-1.25357
0.75;1.48898;-1.266
0.76;1.47626;-1.27829
0.77;1.46342;-1.29042
0.78;1.45046;-1.30239
0.79;1.43737;-1.31422
0.8;1.42417;-1.32588
0.81;1.41086;-1.3374
0.82;1.39742;-1.34875
0.83;1.38388;-1.35995
0.84;1.37023;-1.37099
0.85;1.35646;-1.38187
0.86;1.34259;-1.39259
0.87;1.32861;-1.40315
0.88;1.31453;-1.41355
0.89;1.30034;-1.42379
0.9;1.28605;-1.43386
0.91;1.27166;-1.44377
0.92;1.25718;-1.45352
0.93;1.24259;-1.4631
0.94;1.22791;-1.47252
0.95;1.21314;-1.48177
0.96;1.19828;-1.49085
0.97;1.18333;-1.49977
0.98;1.16829;-1.50852
0.99;1.15316;-1.5171
1;1.13794;-1.52552
1.01;1.12265;-1.53376
1.02;1.10727;-1.54183
1.03;1.09181;-1.54974
1.04;1.07627;-1.55747
1.05;1.06066;-1.56503
1.06;1.04497;-1.57242
1.07;1.02921;-1.57964
1.08;1.01338;-1.58669
1.09;0.997481;-1.59356
1.1;0.981512;-1.60026
1.11;0.965477;-1.60679
1.12;0.949377;-1.61315
1.13;0.933214;-1.61933
1.14;0.916991;-1.62533
1.15;0.900708;-1.63117
1.16;0.884368;-1.63682
1.17;0.867972;-1.64231
1.18;0.851523;-1.64761
1.19;0.835021;-1.65275
1.2;0.818468;-1.6577
1.21;0.801867;-1.66248
1.22;0.785219;-1.66709
1.23;0.768526;-1.67152
1.24;0.751789;-1.67577
1.25;0.735011;-1.67985
1.26;0.718193;-1.68375
1.27;0.701337;-1.68748
1.28;0.684444;-1.69103
1.29;0.667516;-1.69441
1.3;0.650556;-1.6976
1.31;0.633565;-1.70063
1.32;0.616544;-1.70347
1.33;0.599496;-1.70614
1.34;0.582422;-1.70864
1.35;0.565324;-1.71096
1.36;0.548203;-1.7131
1.37;0.531062;-1.71507
1.38;0.513903;-1.71686
1.39;0.496726;-1.71848
1.4;0.479534;-1.71992
1.41;0.462328;-1.72119
1.42;0.44511;-1.72228
1.43;0.427883;-1.7232
1.44;0.410647;-1.72395
1.45;0.393404;-1.72452
1.46;0.376157;-1.72492
1.47;0.358907;-1.72514
1.48;0.341655;-1.7252
1.49;0.324403;-1.72508
1.5;0.307154;-1.72479
1.51;0.289908;-1.72432
1.52;0.272668;-1.72369
1.53;0.255435;-1.72288
1.54;0.238211;-1.7219
1.55;0.220997;-1.72076
1.56;0.203796;-1.71944
1.57;0.186609;-1.71796
1.58;0.169438;-1.7163
1.59;0.152284;-1.71448
1.6;0.135149;-1.71249
1.61;0.118034;-1.71033
1.62;0.100943;-1.70801
1.63;0.0838748;-1.70552
1.64;0.0668328;-1.70286
1.65;0.0498181;-1.70004
1.66;0.0328324;-1.69706
1.67;0.0158774;-1.69391
1.68;-0.00104527;-1.6906
1.69;-0.0179341;-1.68713
1.7;-0.0347873;-1.6835
1.71;-0.0516035;-1.6797
1.72;-0.0683808;-1.67575
1.73;-0.0851178;-1.67163
1.74;-0.101813;-1.66736
1.75;-0.118464;-1.66292
1.76;-0.135071;-1.65834
1.77;-0.151631;-1.65359
1.78;-0.168142;-1.64869
1.79;-0.184604;-1.64363
1.8;-0.201014;-1.63842
1.81;-0.217372;-1.63306
1.82;-0.233675;-1.62754
1.83;-0.249922;-1.62188
1.84;-0.266112;-1.61606
1.85;-0.282243;-1.61009
1.86;-0.298313;-1.60397
1.87;-0.314322;-1.59771
1.88;-0.330267;-1.5913
1.89;-0.346147;-1.58474
1.9;-0.361961;-1.57803
1.91;-0.377707;-1.57119
1.92;-0.393384;-1.5642
1.93;-0.408991;-1.55706
1.94;-0.424525;-1.54979
1.95;-0.439986;-1.54237
1.96;-0.455372;-1.53482
1.97;-0.470682;-1.52713
1.98;-0.485914;-1.5193
1.99;-0.501068;-1.51133
2;-0.516141;-1.50323
2.01;-0.531132;-1.495
2.02;-0.54604;-1.48663
2.03;-0.560864;-1.47813
2.04;-0.575602;-1.4695
2.05;-0.590253;-1.46074
2.06;-0.604817;-1.45185
2.07;-0.61929;-1.44284
2.08;-0.633673;-1.43369
2.09;-0.647964;-1.42443
2.1;-0.662161;-1.41504
2.11;-0.676264;-1.40553
2.12;-0.690271;-1.39589
2.13;-0.704181;-1.38614
2.14;-0.717993;-1.37626
2.15;-0.731706;-1.36627
2.16;-0.745319;-1.35616
2.17;-0.758829;-1.34594
2.18;-0.772237;-1.3356
2.19;-0.785541;-1.32516
2.2;-0.79874;-1.31459
2.21;-0.811832;-1.30392
2.22;-0.824818;-1.29314
2.23;-0.837695;-1.28225
2.24;-0.850462;-1.27126
2.25;-0.86312;-1.26016
2.26;-0.875665;-1.24896
2.27;-0.888098;-1.23765
2.28;-0.900418;-1.22624
2.29;-0.912623;-1.21474
2.3;-0.924712;-1.20313
2.31;-0.936685;-1.19143
2.32;-0.948541;-1.17963
2.33;-0.960278;-1.16774
2.34;-0.971895;-1.15576
2.35;-0.983393;-1.14368
2.36;-0.994769;-1.13152
2.37;-1.00602;-1.11926
2.38;-1.01715;-1.10692
2.39;-1.02816;-1.09449
2.4;-1.03904;-1.08198
2.41;-1.0498;-1.06938
2.42;-1.06043;-1.05671
2.43;-1.07093;-1.04395
2.44;-1.08131;-1.03111
2.45;-1.09156;-1.0182
2.46;-1.10167;-1.00521
2.47;-1.11166;-0.992144
2.48;-1.12152;-0.979007
2.49;-1.13124;-0.965798
2.5;-1.14083;-0.95252
2.51;-1.15029;-0.939172
2.52;-1.15961;-0.925758
2.53;-1.1688;-0.912277
2.54;-1.17786;-0.898733
2.55;-1.18678;-0.885126
2.56;-1.19556;-0.871457
2.57;-1.20421;-0.857729
2.58;-1.21272;-0.843943
2.59;-1.22109;-0.8301
2.6;-1.22932;-0.816201
2.61;-1.23741;-0.802249
2.62;-1.24536;-0.788244
2.63;-1.25318;-0.774189
2.64;-1.26085;-0.760085
2.65;-1.26838;-0.745932
2.66;-1.27577;-0.731734
2.67;-1.28301;-0.717491
2.68;-1.29012;-0.703204
2.69;-1.29708;-0.688876
2.7;-1.30389;-0.674508
2.71;-1.31057;-0.660101
2.72;-1.31709;-0.645656
2.73;-1.32348;-0.631177
2.74;-1.32972;-0.616663
2.75;-1.33581;-0.602116
2.76;-1.34176;-0.587538
2.77;-1.34756;-0.572931
2.78;-1.35322;-0.558296
2.79;-1.35873;-0.543634
2.8;-1.36409;-0.528947
2.81;-1.36931;-0.514237
2.82;-1.37438;-0.499505
2.83;-1.3793;-0.484752
2.84;-1.38407;-0.46998
2.85;-1.3887;-0.455191
2.86;-1.39317;-0.440386
2.87;-1.3975;-0.425567
2.88;-1.40169;-0.410734
2.89;-1.40572;-0.395891
2.9;-1.4096;-0.381037
2.91;-1.41334;-0.366175
2.92;-1.41693;-0.351306
2.93;-1.42037;-0.336432
2.94;-1.42366;-0.321553
2.95;-1.4268;-0.306673
2.96;-1.42979;-0.291791
2.97;-1.43263;-0.27691
2.98;-1.43533;-0.262031
2.99;-1.43787;-0.247156
3;-1.44027;-0.232286
3.01;-1.44252;-0.217422
3.02;-1.44462;-0.202566
3.03;-1.44657;-0.18772
3.04;-1.44837;-0.172884
3.05;-1.45003;-0.158061
3.06;-1.45153;-0.143252
3.07;-1.45289;-0.128458
3.08;-1.4541;-0.113681
3.09;-1.45517;-0.0989219
3.1;-1.45608;-0.0841824
3.11;-1.45685;-0.069464
3.12;-1.45747;-0.054768
3.13;-1.45795;-0.0400959
3.14;-1.45827;-0.0254492
3.15;-1.45846;-0.0108291
3.16;-1.45849;0.00376279
3.17;-1.45838;0.0183252
3.18;-1.45812;0.0328566
3.19;-1.45772;0.0473558
3.2;-1.45718;0.0618212
3.21;-1.45649;0.0762516
3.22;-1.45565;0.0906455
3.23;-1.45467;0.105002
3.24;-1.45355;0.119318
3.25;-1.45229;0.133595
3.26;-1.45088;0.147829
3.27;-1.44933;0.162021
3.28;-1.44764;0.176168
3.29;-1.44581;0.190268
3.3;-1.44383;0.204322
3.31;-1.44172;0.218327
3.32;-1.43947;0.232283
3.33;-1.43708;0.246187
3.34;-1.43454;0.260039
3.35;-1.43188;0.273838
3.36;-1.42907;0.287581
3.37;-1.42612;0.301268
3.38;-1.42304;0.314898
3.39;-1.41983;0.328469
3.4;-1.41647;0.34198
3.41;-1.41299;0.35543
3.42;-1.40937;0.368818
3.43;-1.40561;0.382142
3.44;-1.40172;0.395401
3.45;-1.3977;0.408594
3.46;-1.39355;0.42172
3.47;-1.38927;0.434778
3.48;-1.38486;0.447766
3.49;-1.38031;0.460684
3.5;-1.37564;0.473529
3.51;-1.37084;0.486302
3.52;-1.36592;0.499001
3.53;-1.36086;0.511624
3.54;-1.35568;0.524171
3.55;-1.35038;0.536641
3.56;-1.34495;0.549032
3.57;-1.3394;0.561343
3.58;-1.33373;0.573574
3.59;-1.32793;0.585723
3.6;-1.32201;0.597789
3.61;-1.31597;0.609772
3.62;-1.30982;0.621669
3.63;-1.30354;0.633481
3.64;-1.29715;0.645206
3.65;-1.29064;0.656843
3.66;-1.28401;0.668391
3.67;-1.27727;0.679849
3.68;-1.27041;0.691217
3.69;-1.26344;0.702492
3.7;-1.25636;0.713675
3.71;-1.24917;0.724765
3.72;-1.24187;0.735759
3.73;-1.23446;0.746659
3.74;-1.22694;0.757462
3.75;-1.21931;0.768167
3.76;-1.21157;0.778775
3.77;-1.20373;0.789283
3.78;-1.19579;0.799692
3.79;-1.18774;0.81
3.8;-1.17959;0.820206
3.81;-1.17134;0.830311
3.82;-1.16298;0.840312
3.83;-1.15453;0.850209
3.84;-1.14598;0.860001
3.85;-1.13733;0.869688
3.86;-1.12859;0.879269
3.87;-1.11974;0.888742
3.88;-1.11081;0.898108
3.89;-1.10178;0.907366
3.9;-1.09266;0.916514
3.91;-1.08345;0.925553
3.92;-1.07415;0.934481
3.93;-1.06476;0.943298
3.94;-1.05529;0.952003
3.95;-1.04572;0.960595
3.96;-1.03608;0.969075
3.97;-1.02634;0.97744
3.98;-1.01653;0.985692
3.99;-1.00663;0.993828
4;-0.996651;1.00185
4.01;-0.986593;1.00975
4.02;-0.976457;1.01754
4.03;-0.966243;1.02521
4.04;-0.955953;1.03277
4.05;-0.945588;1.0402
4.06;-0.935149;1.04752
4.07;-0.924638;1.05471
4.08;-0.914055;1.06179
4.09;-0.903402;1.06875
4.1;-0.892681;1.07558
4.11;-0.881891;1.0823
4.12;-0.871035;1.08889
4.13;-0.860114;1.09536
4.14;-0.849128;1.10171
4.15;-0.83808;1.10794
4.16;-0.82697;1.11404
4.17;-0.8158;1.12002
4.18;-0.80457;1.12588
4.19;-0.793282;1.13161
4.2;-0.781938;1.13722
4.21;-0.770538;1.1427
4.22;-0.759085;1.14806
4.23;-0.747578;1.15329
4.24;-0.736019;1.15839
4.25;-0.72441;1.16338
4.26;-0.712752;1.16823
4.27;-0.701046;1.17296
4.28;-0.689293;1.17756
4.29;-0.677495;1.18203
4.3;-0.665653;1.18638
4.31;-0.653768;1.1906
4.32;-0.641842;1.19469
4.33;-0.629875;1.19866
4.34;-0.617869;1.2025
4.35;-0.605825;1.20621
4.36;-0.593745;1.20979
4.37;-0.58163;1.21324
4.38;-0.569481;1.21657
4.39;-0.557299;1.21976
4.4;-0.545086;1.22283
4.41;-0.532843;1.22577
4.42;-0.520571;1.22859
4.43;-0.508271;1.23127
4.44;-0.495946;1.23383
4.45;-0.483595;1.23626
4.46;-0.471221;1.23855
4.47;-0.458825;1.24073
4.48;-0.446407;1.24277
4.49;-0.43397;1.24468
4.5;-0.421514;1.24647
4.51;-0.409041;1.24813
4.52;-0.396552;1.24966
4.53;-0.384048;1.25106
4.54;-0.371531;1.25233
4.55;-0.359002;1.25348
4.56;-0.346462;1.2545
4.57;-0.333912;1.25539
4.58;-0.321354;1.25616
4.59;-0.308789;1.25679
4.6;-0.296219;1.25731
4.61;-0.283644;1.25769
4.62;-0.271065;1.25795
4.63;-0.258485;1.25808
4.64;-0.245904;1.25809
4.65;-0.233324;1.25797
4.66;-0.220745;1.25772
4.67;-0.20817;1.25735
4.68;-0.195599;1.25685
4.69;-0.183033;1.25623
4.7;-0.170475;1.25549
4.71;-0.157924;1.25462
4.72;-0.145383;1.25363
4.73;-0.132852;1.25252
4.74;-0.120333;1.25128
4.75;-0.107827;1.24992
4.76;-0.0953347;1.24843
4.77;-0.0828583;1.24683
4.78;-0.0703985;1.2451
4.79;-0.0579566;1.24326
4.8;-0.0455337;1.24129
4.81;-0.0331312;1.2392
4.82;-0.0207501;1.237
4.83;-0.00839163;1.23467
4.84;0.00394295;1.23223
4.85;0.0162525;1.22966
4.86;0.0285358;1.22698
4.87;0.0407918;1.22418
4.88;0.0530191;1.22127
4.89;0.0652168;1.21824
4.9;0.0773835;1.21509
4.91;0.0895182;1.21183
4.92;0.10162;1.20846
4.93;0.113687;1.20497
4.94;0.125719;1.20136
4.95;0.137714;1.19765
4.96;0.149671;1.19382
4.97;0.16159;1.18988
4.98;0.173468;1.18583
4.99;0.185306;1.18166
5;0.197101;1.17739
5.01;0.208853;1.17301
5.02;0.220561;1.16852
5.03;0.232224;1.16393
5.04;0.243839;1.15922
5.05;0.255408;1.15441
5.06;0.266927;1.1495
5.07;0.278397;1.14448
5.08;0.289817;1.13935
5.09;0.301184;1.13412
5.1;0.312499;1.12879
5.11;0.32376;1.12336
5.12;0.334966;1.11783
5.13;0.346116;1.11219
5.14;0.357209;1.10645
5.15;0.368245;1.10062
5.16;0.379221;1.09469
5.17;0.390138;1.08866
5.18;0.400994;1.08253
5.19;0.411788;1.07631
5.2;0.42252;1.06999
5.21;0.433188;1.06358
5.22;0.443791;1.05707
5.23;0.454329;1.05047
5.24;0.4648;1.04378
5.25;0.475204;1.037
5.26;0.48554;1.03013
5.27;0.495807;1.02317
5.28;0.506003;1.01612
5.29;0.516129;1.00899
5.3;0.526183;1.00176
5.31;0.536164;0.994457
5.32;0.546071;0.987064
5.33;0.555905;0.979587
5.34;0.565663;0.972028
5.35;0.575345;0.964386
5.36;0.58495;0.956664
5.37;0.594478;0.948861
5.38;0.603927;0.940979
5.39;0.613297;0.933019
5.4;0.622587;0.924981
5.41;0.631797;0.916868
5.42;0.640925;0.908678
5.43;0.64997;0.900415
5.44;0.658933;0.892078
5.45;0.667811;0.883668
5.46;0.676606;0.875187
5.47;0.685315;0.866636
5.48;0.693938;0.858015
5.49;0.702475;0.849325
5.5;0.710924;0.840568
5.51;0.719286;0.831745
5.52;0.727559;0.822856
5.53;0.735743;0.813902
5.54;0.743837;0.804886
5.55;0.75184;0.795806
5.56;0.759753;0.786666
5.57;0.767574;0.777465
5.58;0.775302;0.768205
5.59;0.782937;0.758887
5.6;0.79048;0.749511
5.61;0.797928;0.740079
5.62;0.805281;0.730592
5.63;0.812539;0.721052
5.64;0.819702;0.711458
5.65;0.826768;0.701812
5.66;0.833738;0.692116
5.67;0.84061;0.682369
5.68;0.847385;0.672574
5.69;0.854062;0.662732
5.7;0.86064;0.652842
5.71;0.867118;0.642908
5.72;0.873498;0.632929
5.73;0.879777;0.622906
5.74;0.885956;0.612842
5.75;0.892033;0.602736
5.76;0.89801;0.592591
5.77;0.903885;0.582406
5.78;0.909658;0.572184
5.79;0.915329;0.561925
5.8;0.920897;0.55163
5.81;0.926361;0.541301
5.82;0.931722;0.530938
5.83;0.93698;0.520543
5.84;0.942133;0.510116
5.85;0.947182;0.49966
5.86;0.952126;0.489175
5.87;0.956965;0.478661
5.88;0.961699;0.468121
5.89;0.966328;0.457555
5.9;0.97085;0.446965
5.91;0.975267;0.436351
5.92;0.979577;0.425714
5.93;0.983781;0.415056
5.94;0.987878;0.404379
5.95;0.991869;0.393682
5.96;0.995752;0.382967
5.97;0.999528;0.372235
5.98;1.0032;0.361488
5.99;1.00676;0.350726
6;1.01021;0.33995
6.01;1.01356;0.329162
6.02;1.01679;0.318363
6.03;1.01992;0.307553
6.04;1.02295;0.296734
6.05;1.02586;0.285908
6.06;1.02866;0.275074
6.07;1.03136;0.264234
6.08;1.03395;0.25339
6.09;1.03643;0.242542
6.1;1.0388;0.231692
6.11;1.04106;0.22084
6.12;1.04322;0.209988
6.13;1.04526;0.199136
6.14;1.0472;0.188286
6.15;1.04903;0.177439
6.16;1.05075;0.166596
6.17;1.05236;0.155758
6.18;1.05386;0.144926
6.19;1.05526;0.134102
6.2;1.05654;0.123285
6.21;1.05772;0.112478
6.22;1.05879;0.101681
6.23;1.05976;0.0908957
6.24;1.06061;0.0801227
6.25;1.06136;0.0693633
6.26;1.062;0.0586185
6.27;1.06253;0.0478892
6.28;1.06296;0.0371766
6.29;1.06328;0.0264817
6.3;1.06349;0.0158055
6.31;1.06359;0.00514908
6.32;1.06359;-0.00548658
6.33;1.06348;-0.0161004
6.34;1.06327;-0.0266915
6.35;1.06295;-0.0372587
6.36;1.06252;-0.0478011
6.37;1.06199;-0.0583176
6.38;1.06136;-0.0688073
6.39;1.06062;-0.0792692
6.4;1.05977;-0.0897022
6.41;1.05882;-0.100105
6.42;1.05777;-0.110478
6.43;1.05661;-0.120819
6.44;1.05535;-0.131127
6.45;1.05399;-0.141401
6.46;1.05253;-0.15164
6.47;1.05096;-0.161845
6.48;1.04929;-0.172012
6.49;1.04752;-0.182142
6.5;1.04565;-0.192233
6.51;1.04367;-0.202286
6.52;1.0416;-0.212297
6.53;1.03943;-0.222268
6.54;1.03715;-0.232197
6.55;1.03478;-0.242082
6.56;1.03231;-0.251924
6.57;1.02975;-0.26172
6.58;1.02708;-0.271471
6.59;1.02432;-0.281176
6.6;1.02146;-0.290833
6.61;1.0185;-0.300441
6.62;1.01545;-0.310001
6.63;1.0123;-0.31951
6.64;1.00906;-0.328968
6.65;1.00572;-0.338375
6.66;1.00229;-0.347729
6.67;0.998766;-0.35703
6.68;0.995149;-0.366276
6.69;0.991441;-0.375467
6.7;0.98764;-0.384603
6.71;0.983749;-0.393681
6.72;0.979767;-0.402703
6.73;0.975695;-0.411666
6.74;0.971534;-0.42057
6.75;0.967284;-0.429414
6.76;0.962946;-0.438197
6.77;0.95852;-0.44692
6.78;0.954007;-0.45558
6.79;0.949409;-0.464177
6.8;0.944724;-0.472711
6.81;0.939955;-0.481181
6.82;0.935101;-0.489585
6.83;0.930163;-0.497924
6.84;0.925143;-0.506196
6.85;0.920039;-0.514402
6.86;0.914855;-0.522539
6.87;0.909589;-0.530609
6.88;0.904243;-0.538609
6.89;0.898817;-0.546539
6.9;0.893312;-0.554398
6.91;0.887729;-0.562187
6.92;0.882069;-0.569904
6.93;0.876331;-0.577549
6.94;0.870518;-0.58512
6.95;0.864629;-0.592618
6.96;0.858666;-0.600042
6.97;0.852629;-0.607391
6.98;0.846518;-0.614665
6.99;0.840336;-0.621863
7;0.834081;-0.628984
7.01;0.827756;-0.636028
7.02;0.821361;-0.642995
7.03;0.814897;-0.649883
7.04;0.808364;-0.656693
7.05;0.801763;-0.663424
7.06;0.795095;-0.670075
7.07;0.788362;-0.676645
7.08;0.781563;-0.683135
7.09;0.774699;-0.689544
7.1;0.767772;-0.695871
7.11;0.760782;-0.702116
7.12;0.75373;-0.708278
7.13;0.746617;-0.714357
7.14;0.739443;-0.720353
7.15;0.73221;-0.726264
7.16;0.724918;-0.732092
7.17;0.717569;-0.737834
7.18;0.710162;-0.743491
7.19;0.702699;-0.749063
7.2;0.695181;-0.754549
7.21;0.687608;-0.759949
7.22;0.679982;-0.765261
7.23;0.672303;-0.770487
7.24;0.664573;-0.775625
7.25;0.656791;-0.780676
7.26;0.648959;-0.785638
7.27;0.641079;-0.790512
7.28;0.63315;-0.795298
7.29;0.625173;-0.799994
7.3;0.61715;-0.804601
7.31;0.609081;-0.809119
7.32;0.600968;-0.813546
7.33;0.592811;-0.817884
7.34;0.584611;-0.822131
7.35;0.576368;-0.826287
7.36;0.568085;-0.830353
7.37;0.559762;-0.834327
7.38;0.551399;-0.838211
7.39;0.542998;-0.842003
7.4;0.534559;-0.845703
7.41;0.526084;-0.849311
7.42;0.517573;-0.852827
7.43;0.509028;-0.856251
7.44;0.500448;-0.859583
7.45;0.491836;-0.862822
7.46;0.483192;-0.865968
7.47;0.474517;-0.869021
7.48;0.465812;-0.871982
7.49;0.457078;-0.87485
7.5;0.448316;-0.877624
7.51;0.439526;-0.880306
7.52;0.43071;-0.882894
7.53;0.421868;-0.885388
7.54;0.413002;-0.887789
7.55;0.404113;-0.890097
7.56;0.395201;-0.892311
7.57;0.386267;-0.894432
7.58;0.377312;-0.896459
7.59;0.368338;-0.898392
7.6;0.359345;-0.900232
7.61;0.350334;-0.901978
7.62;0.341306;-0.903631
7.63;0.332261;-0.90519
7.64;0.323202;-0.906655
7.65;0.314129;-0.908027
7.66;0.305042;-0.909306
7.67;0.295943;-0.910491
7.68;0.286832;-0.911583
7.69;0.277711;-0.912581
7.7;0.268581;-0.913487
7.71;0.259442;-0.914299
7.72;0.250295;-0.915018
7.73;0.241142;-0.915645
7.74;0.231983;-0.916179
7.75;0.222819;-0.91662
7.76;0.213651;-0.916968
7.77;0.20448;-0.917225
7.78;0.195306;-0.917389
7.79;0.186132;-0.917462
7.8;0.176958;-0.917442
7.81;0.167784;-0.917331
7.82;0.158611;-0.917128
7.83;0.149441;-0.916835
7.84;0.140275;-0.91645
7.85;0.131113;-0.915975
7.86;0.121956;-0.915408
7.87;0.112805;-0.914752
7.88;0.103661;-0.914006
7.89;0.094525;-0.913169
7.9;0.0853978;-0.912244
7.91;0.0762804;-0.911228
7.92;0.0671736;-0.910124
7.93;0.0580782;-0.908932
7.94;0.0489952;-0.90765
7.95;0.0399255;-0.906281
7.96;0.0308699;-0.904824
7.97;0.0218293;-0.903279
7.98;0.0128046;-0.901647
7.99;0.00379665;-0.899929
8;-0.00519368;-0.898124
8.01;-0.0141655;-0.896233
8.02;-0.023118;-0.894256
8.03;-0.0320504;-0.892193
8.04;-0.0409616;-0.890046
8.05;-0.049851;-0.887814
8.06;-0.0587176;-0.885498
8.07;-0.0675607;-0.883098
8.08;-0.0763793;-0.880614
8.09;-0.0851727;-0.878048
8.1;-0.09394;-0.875399
8.11;-0.10268;-0.872668
8.12;-0.111393;-0.869855
8.13;-0.120077;-0.86696
8.14;-0.128732;-0.863985
8.15;-0.137357;-0.86093
8.16;-0.14595;-0.857795
8.17;-0.154512;-0.85458
8.18;-0.163042;-0.851286
8.19;-0.171538;-0.847914
8.2;-0.18;-0.844464
8.21;-0.188427;-0.840937
8.22;-0.196818;-0.837332
8.23;-0.205173;-0.833651
8.24;-0.213491;-0.829894
8.25;-0.221771;-0.826062
8.26;-0.230012;-0.822155
8.27;-0.238214;-0.818173
8.28;-0.246375;-0.814118
8.29;-0.254496;-0.809989
8.3;-0.262575;-0.805788
8.31;-0.270611;-0.801515
8.32;-0.278605;-0.79717
8.33;-0.286554;-0.792754
8.34;-0.29446;-0.788268
8.35;-0.30232;-0.783712
8.36;-0.310134;-0.779087
8.37;-0.317901;-0.774393
8.38;-0.325621;-0.769632
8.39;-0.333293;-0.764803
8.4;-0.340917;-0.759907
8.41;-0.348491;-0.754945
8.42;-0.356016;-0.749917
8.43;-0.36349;-0.744825
8.44;-0.370912;-0.739669
8.45;-0.378283;-0.734448
8.46;-0.385601;-0.729165
8.47;-0.392866;-0.72382
8.48;-0.400077;-0.718413
8.49;-0.407234;-0.712945
8.5;-0.414336;-0.707417
8.51;-0.421382;-0.701829
8.52;-0.428372;-0.696182
8.53;-0.435305;-0.690477
8.54;-0.442181;-0.684714
8.55;-0.449;-0.678895
8.56;-0.455759;-0.673019
8.57;-0.46246;-0.667088
8.58;-0.469101;-0.661102
8.59;-0.475682;-0.655061
8.6;-0.482202;-0.648968
8.61;-0.488661;-0.642822
8.62;-0.495058;-0.636624
8.63;-0.501393;-0.630374
8.64;-0.507665;-0.624075
8.65;-0.513874;-0.617725
8.66;-0.52002;-0.611326
8.67;-0.526101;-0.60488
8.68;-0.532117;-0.598385
8.69;-0.538068;-0.591844
8.7;-0.543954;-0.585257
8.71;-0.549773;-0.578624
8.72;-0.555526;-0.571947
8.73;-0.561212;-0.565226
8.74;-0.566831;-0.558462
8.75;-0.572381;-0.551656
8.76;-0.577864;-0.544808
8.77;-0.583277;-0.53792
8.78;-0.588622;-0.530991
8.79;-0.593897;-0.524023
8.8;-0.599102;-0.517017
8.81;-0.604237;-0.509974
8.82;-0.609301;-0.502893
8.83;-0.614295;-0.495776
8.84;-0.619217;-0.488624
8.85;-0.624067;-0.481438
8.86;-0.628846;-0.474217
8.87;-0.633551;-0.466964
8.88;-0.638185;-0.459679
8.89;-0.642745;-0.452362
8.9;-0.647232;-0.445015
8.91;-0.651645;-0.437638
8.92;-0.655984;-0.430231
8.93;-0.66025;-0.422797
8.94;-0.66444;-0.415336
8.95;-0.668556;-0.407847
8.96;-0.672597;-0.400333
8.97;-0.676563;-0.392794
8.98;-0.680453;-0.385231
8.99;-0.684267;-0.377645
9;-0.688006;-0.370035
9.01;-0.691668;-0.362405
9.02;-0.695254;-0.354753
9.03;-0.698763;-0.347081
9.04;-0.702195;-0.339389
9.05;-0.705551;-0.33168
9.06;-0.708829;-0.323952
9.07;-0.71203;-0.316207
9.08;-0.715153;-0.308447
9.09;-0.718199;-0.300671
9.1;-0.721166;-0.29288
9.11;-0.724056;-0.285076
9.12;-0.726868;-0.277259
9.13;-0.729601;-0.26943
9.14;-0.732256;-0.26159
9.15;-0.734833;-0.253739
9.16;-0.737331;-0.245878
9.17;-0.739751;-0.238009
9.18;-0.742091;-0.230132
9.19;-0.744353;-0.222247
9.2;-0.746536;-0.214356
9.21;-0.74864;-0.206459
9.22;-0.750665;-0.198558
9.23;-0.752611;-0.190652
9.24;-0.754478;-0.182743
9.25;-0.756266;-0.174832
9.26;-0.757975;-0.166919
9.27;-0.759605;-0.159005
9.28;-0.761155;-0.151091
9.29;-0.762627;-0.143177
9.3;-0.764019;-0.135266
9.31;-0.765332;-0.127356
9.32;-0.766566;-0.11945
9.33;-0.767721;-0.111547
9.34;-0.768797;-0.10365
9.35;-0.769794;-0.0957572
9.36;-0.770712;-0.0878709
9.37;-0.771551;-0.0799917
9.38;-0.772312;-0.0721202
9.39;-0.772994;-0.0642572
9.4;-0.773597;-0.0564035
9.41;-0.774122;-0.0485599
9.42;-0.774568;-0.0407271
9.43;-0.774936;-0.0329059
9.44;-0.775226;-0.025097
9.45;-0.775438;-0.0173012
9.46;-0.775572;-0.0095193
9.47;-0.775629;-0.00175196
9.48;-0.775608;0.00600003
9.49;-0.775509;0.0137359
9.5;-0.775333;0.021455
9.51;-0.77508;0.0291565
9.52;-0.77475;0.0368397
9.53;-0.774343;0.0445039
9.54;-0.77386;0.0521484
9.55;-0.7733;0.0597723
9.56;-0.772664;0.067375
9.57;-0.771953;0.0749558
9.58;-0.771165;0.082514
9.59;-0.770303;0.0900489
9.6;-0.769365;0.0975596
9.61;-0.768351;0.105046
9.62;-0.767264;0.112506
9.63;-0.766101;0.119941
9.64;-0.764865;0.127348
9.65;-0.763555;0.134728
9.66;-0.76217;0.14208
9.67;-0.760713;0.149403
9.68;-0.759183;0.156697
9.69;-0.757579;0.16396
9.7;-0.755903;0.171192
9.71;-0.754155;0.178393
9.72;-0.752336;0.185562
9.73;-0.750444;0.192697
9.74;-0.748482;0.199799
9.75;-0.746448;0.206867
9.76;-0.744345;0.213901
9.77;-0.742171;0.220899
9.78;-0.739927;0.22786
9.79;-0.737613;0.234785
9.8;-0.735231;0.241673
9.81;-0.73278;0.248523
9.82;-0.730261;0.255335
9.83;-0.727674;0.262107
9.84;-0.725019;0.268839
9.85;-0.722297;0.275532
9.86;-0.719508;0.282183
9.87;-0.716653;0.288793
9.88;-0.713733;0.295361
9.89;-0.710746;0.301886
9.9;-0.707695;0.308368
9.91;-0.704579;0.314806
9.92;-0.701399;0.3212
9.93;-0.698155;0.327549
9.94;-0.694848;0.333853
9.95;-0.691478;0.340111
9.96;-0.688046;0.346322
9.97;-0.684552;0.352486
9.98;-0.680997;0.358603
9.99;-0.67738;0.364671
10;-0.673703;0.370691
